
(7990.980665, 79909.80665)
(15972.941995000001, 79819.6133)
(23945.883990000002, 79729.41995)
(31909.806650000002, 79639.2266)
(39864.709975000005, 79549.03325)
(47810.59396500001, 79458.83989999999)
(55747.458620000005, 79368.64654999999)
(63675.303940000005, 79278.45319999999)
(71594.129925, 79188.25984999999)
(79503.936575, 79098.06649999999)
(87404.72389, 79007.87314999998)
(95296.49187, 78917.67979999998)
(103179.240515, 78827.48644999998)
(111052.969825, 78737.29309999998)
(118917.67979999998, 78647.09974999998)
(126773.37043999998, 78556.90639999998)
(134620.041745, 78466.71304999998)
(142457.693715, 78376.51969999998)
(150286.32635, 78286.32634999997)
(158105.93965, 78196.13299999997)
(165916.533615, 78105.93964999997)
(173718.10824499998, 78015.74629999997)
(181510.66353999998, 77925.55294999997)
(189294.1995, 77835.35959999997)
(197068.71612499998, 77745.16624999997)
(204834.21341499998, 77654.97289999996)
(212590.69137, 77564.77954999996)
(220338.14998999998, 77474.58619999996)
(228076.58927499998, 77384.39284999996)
(235806.009225, 77294.19949999996)
(243526.40983999998, 77204.00614999996)
(251237.79111999998, 77113.81279999996)
(258940.15306499996, 77023.61944999995)
(266633.49567499995, 76933.42609999995)
(274317.8189499999, 76843.23274999995)
(281993.12288999994, 76753.03939999995)
(289659.40749499993, 76662.84604999995)
(297316.6727649999, 76572.65269999995)
(304964.9186999999, 76482.45934999995)
(312604.1452999999, 76392.26599999995)
(320234.3525649999, 76302.07264999994)
(327855.5404949999, 76211.87929999994)
(335467.7090899999, 76121.68594999994)
(343070.8583499999, 76031.49259999994)
(350664.9882749999, 75941.29924999994)
(358250.0988649999, 75851.10589999994)
(365826.19011999987, 75760.91254999994)
(373393.2620399999, 75670.71919999993)
(380951.3146249999, 75580.52584999993)
(388500.34787499986, 75490.33249999993)
(396040.3617899999, 75400.13914999993)
(403571.3563699999, 75309.94579999993)
(411093.33161499986, 75219.75244999993)
(418606.2875249999, 75129.55909999993)
(426110.2240999999, 75039.36574999992)
(433605.14133999986, 74949.17239999992)
(441091.0392449999, 74858.97904999992)
(448567.9178149999, 74768.78569999992)
(456035.77704999986, 74678.59234999992)
(463494.6169499998, 74588.39899999992)
(470944.4375149998, 74498.20564999992)
(478385.2387449998, 74408.01229999991)
(485817.02063999977, 74317.81894999991)
(493239.7831999998, 74227.62559999991)
(500653.52642499976, 74137.43224999991)
(508058.2503149997, 74047.23889999991)
(515453.9548699997, 73957.04554999991)
(522840.6400899997, 73866.8521999999)
(530218.3059749997, 73776.6588499999)
(537586.9525249996, 73686.4654999999)
(544946.5797399996, 73596.2721499999)
(552297.1876199996, 73506.0787999999)
(559638.7761649996, 73415.8854499999)
(566971.3453749996, 73325.6920999999)
(574294.8952499996, 73235.4987499999)
(581609.4257899995, 73145.3053999999)
(588914.9369949995, 73055.1120499999)
(596211.4288649996, 72964.9186999999)
(603498.9013999995, 72874.72534999989)
(610777.3545999995, 72784.53199999989)
(618046.7884649995, 72694.33864999989)
(625307.2029949995, 72604.14529999989)
(632558.5981899995, 72513.95194999989)
(639800.9740499995, 72423.75859999988)
(647034.3305749994, 72333.56524999988)
(654258.6677649994, 72243.37189999988)
(661473.9856199995, 72153.17854999988)
(668680.2841399994, 72062.98519999988)
(675877.5633249994, 71972.79184999988)
(683065.8231749994, 71882.59849999988)
(690245.0636899994, 71792.40514999987)
(697415.2848699994, 71702.21179999987)
(704576.4867149994, 71612.01844999987)
(711728.6692249994, 71521.82509999987)
(718871.8323999994, 71431.63174999987)
(726005.9762399994, 71341.43839999987)
(733131.1007449994, 71251.24504999987)
(740247.2059149994, 71161.05169999987)
(747354.2917499994, 71070.85834999986)
(754452.3582499993, 70980.66499999986)
(761541.4054149993, 70890.47164999986)
(768621.4332449994, 70800.27829999986)
(775692.4417399993, 70710.08494999986)
(782754.4308999993, 70619.89159999986)
(789807.4007249994, 70529.69824999986)
(796851.3512149993, 70439.50489999985)
(803886.2823699993, 70349.31154999985)
(810912.1941899994, 70259.11819999985)
(817929.0866749993, 70168.92484999985)
(824936.9598249993, 70078.73149999985)
(831935.8136399994, 69988.53814999985)
(838925.6481199993, 69898.34479999985)
(845906.4632649993, 69808.15144999984)
(852878.2590749994, 69717.95809999984)
(859841.0355499993, 69627.76474999984)
(866794.7926899993, 69537.57139999984)
(873739.5304949994, 69447.37804999984)
(880675.2489649993, 69357.18469999984)
(887601.9480999993, 69266.99134999984)
(894519.6278999993, 69176.79799999984)
(901428.2883649992, 69086.60464999983)
(908327.9294949992, 68996.41129999983)
(915218.5512899992, 68906.21794999983)
(922100.1537499991, 68816.02459999983)
(928972.7368749991, 68725.83124999983)
(935836.300664999, 68635.63789999983)
(942690.845119999, 68545.44454999983)
(949536.370239999, 68455.25119999982)
(956372.876024999, 68365.05784999982)
(963200.3624749989, 68274.86449999982)
(970018.8295899989, 68184.67114999982)
(976828.2773699989, 68094.47779999982)
(983628.7058149988, 68004.28444999982)
(990420.1149249988, 67914.09109999982)
(997202.5046999988, 67823.89774999981)
(1003975.8751399987, 67733.70439999981)
(1010740.2262449987, 67643.51104999981)
(1017495.5580149987, 67553.31769999981)
(1024241.8704499986, 67463.12434999981)
(1030979.1635499987, 67372.93099999981)
(1037707.4373149986, 67282.7376499998)
(1044426.6917449986, 67192.5442999998)
(1051136.9268399985, 67102.3509499998)
(1057838.1425999985, 67012.1575999998)
(1064530.3390249985, 66921.9642499998)
(1071213.5161149984, 66831.7708999998)
(1077887.6738699984, 66741.5775499998)
(1084552.8122899984, 66651.3841999998)
(1091208.9313749983, 66561.1908499998)
(1097856.0311249983, 66470.9974999998)
(1104494.1115399983, 66380.80414999979)
(1111123.1726199982, 66290.61079999979)
(1117743.2143649983, 66200.41744999979)
(1124354.2367749983, 66110.22409999979)
(1130956.2398499982, 66020.03074999979)
(1137549.2235899982, 65929.83739999979)
(1144133.1879949982, 65839.64404999978)
(1150708.133064998, 65749.45069999978)
(1157274.0587999981, 65659.25734999978)
(1163830.965199998, 65569.06399999978)
(1170378.852264998, 65478.87064999978)
(1176917.719994998, 65388.67729999978)
(1183447.568389998, 65298.483949999776)
(1189968.397449998, 65208.290599999775)
(1196480.207174998, 65118.09724999977)
(1202982.997564998, 65027.90389999977)
(1209476.768619998, 64937.71054999977)
(1215961.520339998, 64847.51719999977)
(1222437.252724998, 64757.32384999977)
(1228903.9657749978, 64667.13049999977)
(1235361.659489998, 64576.937149999765)
(1241810.3338699979, 64486.743799999764)
(1248249.9889149978, 64396.55044999976)
(1254680.6246249978, 64306.35709999976)
(1261102.2409999978, 64216.16374999976)
(1267514.8380399977, 64125.97039999976)
(1273918.4157449978, 64035.77704999976)
(1280312.9741149978, 63945.583699999755)
(1286698.5131499977, 63855.390349999754)
(1293075.0328499977, 63765.19699999975)
(1299442.5332149977, 63675.00364999975)
(1305801.0142449976, 63584.81029999975)
(1312150.4759399977, 63494.61694999975)
(1318490.9182999977, 63404.42359999975)
(1324822.3413249976, 63314.230249999746)
(1331144.7450149977, 63224.036899999744)
(1337458.1293699977, 63133.84354999974)
(1343762.4943899976, 63043.65019999974)
(1350057.8400749976, 62953.45684999974)
(1356344.1664249976, 62863.26349999974)
(1362621.4734399975, 62773.07014999974)
(1368889.7611199976, 62682.876799999736)
(1375149.0294649976, 62592.683449999735)
(1381399.2784749975, 62502.49009999973)
(1387640.5081499976, 62412.29674999973)
(1393872.7184899976, 62322.10339999973)
(1400095.9094949975, 62231.91004999973)
(1406310.0811649975, 62141.71669999973)
(1412515.2334999975, 62051.52334999973)
(1418711.3664999974, 61961.329999999725)
(1424898.4801649975, 61871.136649999724)
(1431076.5744949975, 61780.94329999972)
(1437245.6494899974, 61690.74994999972)
(1443405.7051499975, 61600.55659999972)
(1449556.7414749975, 61510.36324999972)
(1455698.7584649974, 61420.16989999972)
(1461831.7561199975, 61329.976549999716)
(1467955.7344399975, 61239.783199999714)
(1474070.6934249974, 61149.58984999971)
(1480176.6330749975, 61059.39649999971)
(1486273.5533899975, 60969.20314999971)
(1492361.4543699974, 60879.00979999971)
(1498440.3360149974, 60788.81644999971)
(1504510.1983249974, 60698.623099999706)
(1510571.0412999974, 60608.429749999705)
(1516622.8649399974, 60518.2363999997)
(1522665.6692449974, 60428.0430499997)
(1528699.4542149974, 60337.8496999997)
(1534724.2198499974, 60247.6563499997)
(1540739.9661499974, 60157.4629999997)
(1546746.6931149974, 60067.2696499997)
(1552744.4007449974, 59977.076299999695)
(1558733.0890399974, 59886.882949999694)
(1564712.7579999974, 59796.68959999969)
(1570683.4076249974, 59706.49624999969)
(1576645.0379149974, 59616.30289999969)
(1582597.6488699974, 59526.10954999969)
(1588541.2404899974, 59435.91619999969)
(1594475.8127749974, 59345.722849999685)
(1600401.3657249974, 59255.529499999684)
(1606317.8993399974, 59165.33614999968)
(1612225.4136199974, 59075.14279999968)
(1618123.9085649974, 58984.94944999968)
(1624013.3841749975, 58894.75609999968)
(1629893.8404499975, 58804.56274999968)
(1635765.2773899974, 58714.369399999676)
(1641627.6949949975, 58624.176049999674)
(1647481.0932649975, 58533.98269999967)
(1653325.4721999974, 58443.78934999967)
(1659160.8317999975, 58353.59599999967)
(1664987.1720649975, 58263.40264999967)
(1670804.4929949974, 58173.20929999967)
(1676612.7945899973, 58083.015949999666)
(1682412.0768499973, 57992.822599999665)
(1688202.3397749972, 57902.62924999966)
(1693983.583364997, 57812.43589999966)
(1699755.807619997, 57722.24254999966)
(1705519.012539997, 57632.04919999966)
(1711273.1981249969, 57541.85584999966)
(1717018.3643749969, 57451.66249999966)
(1722754.5112899968, 57361.469149999655)
(1728481.6388699966, 57271.275799999654)
(1734199.7471149967, 57181.08244999965)
(1739908.8360249966, 57090.88909999965)
(1745608.9055999964, 57000.69574999965)
(1751299.9558399965, 56910.50239999965)
(1756981.9867449964, 56820.30904999965)
(1762654.9983149962, 56730.115699999646)
(1768318.9905499963, 56639.922349999644)
(1773973.9634499962, 56549.72899999964)
(1779619.917014996, 56459.53564999964)
(1785256.851244996, 56369.34229999964)
(1790884.766139996, 56279.14894999964)
(1796503.6616999959, 56188.95559999964)
(1802113.5379249959, 56098.762249999636)
(1807714.3948149958, 56008.568899999635)
(1813306.2323699957, 55918.37554999963)
(1818889.0505899957, 55828.18219999963)
(1824462.8494749956, 55737.98884999963)
(1830027.6290249955, 55647.79549999963)
(1835583.3892399955, 55557.60214999963)
(1841130.1301199954, 55467.408799999626)
(1846667.8516649953, 55377.215449999625)
(1852196.5538749953, 55287.02209999962)
(1857716.2367499953, 55196.82874999962)
(1863226.9002899951, 55106.63539999962)
(1868728.5444949951, 55016.44204999962)
(1874221.169364995, 54926.24869999962)
(1879704.774899995, 54836.05534999962)
(1885179.361099995, 54745.861999999615)
(1890644.927964995, 54655.668649999614)
(1896101.4754949948, 54565.47529999961)
(1901549.0036899948, 54475.28194999961)
(1906987.5125499947, 54385.08859999961)
(1912417.0020749946, 54294.89524999961)
(1917837.4722649946, 54204.70189999961)
(1923248.9231199946, 54114.508549999606)
(1928651.3546399944, 54024.315199999604)
(1934044.7668249945, 53934.1218499996)
(1939429.1596749944, 53843.9284999996)
(1944804.5331899943, 53753.7351499996)
(1950170.8873699943, 53663.5417999996)
(1955528.2222149943, 53573.3484499996)
(1960876.5377249941, 53483.155099999596)
(1966215.8338999941, 53392.961749999595)
(1971546.110739994, 53302.76839999959)
(1976867.368244994, 53212.57504999959)
(1982179.606414994, 53122.38169999959)
(1987482.825249994, 53032.18834999959)
(1992777.0247499938, 52941.99499999959)
(1998062.2049149938, 52851.80164999959)
(2003338.3657449938, 52761.608299999585)
(2008605.5072399937, 52671.414949999584)
(2013863.6293999937, 52581.22159999958)
(2019112.7322249936, 52491.02824999958)
(2024352.8157149935, 52400.83489999958)
(2029583.8798699935, 52310.64154999958)
(2034805.9246899935, 52220.44819999958)
(2040018.9501749934, 52130.254849999576)
(2045222.9563249934, 52040.061499999574)
(2050417.9431399934, 51949.86814999957)
(2055603.9106199932, 51859.67479999957)
(2060780.8587649933, 51769.48144999957)
(2065948.7875749932, 51679.28809999957)
(2071107.697049993, 51589.09474999957)
(2076257.5871899931, 51498.901399999566)
(2081398.457994993, 51408.708049999565)
(2086530.309464993, 51318.51469999956)
(2091653.141599993, 51228.32134999956)
(2096766.954399993, 51138.12799999956)
(2101871.747864993, 51047.93464999956)
(2106967.5219949926, 50957.74129999956)
(2112054.2767899926, 50867.547949999556)
(2117132.0122499927, 50777.354599999555)
(2122200.7283749925, 50687.16124999955)
(2127260.4251649925, 50596.96789999955)
(2132311.1026199926, 50506.77454999955)
(2137352.7607399924, 50416.58119999955)
(2142385.3995249923, 50326.38784999955)
(2147409.0189749924, 50236.19449999955)
(2152423.6190899923, 50146.001149999545)
(2157429.199869992, 50055.807799999544)
(2162425.7613149923, 49965.61444999954)
(2167413.303424992, 49875.42109999954)
(2172391.826199992, 49785.22774999954)
(2177361.329639992, 49695.03439999954)
(2182321.813744992, 49604.84104999954)
(2187273.278514992, 49514.647699999536)
(2192215.723949992, 49424.454349999534)
(2197149.150049992, 49334.26099999953)
(2202073.556814992, 49244.06764999953)
(2206988.944244992, 49153.87429999953)
(2211895.312339992, 49063.68094999953)
(2216792.6610999918, 48973.48759999953)
(2221680.990524992, 48883.294249999526)
(2226560.3006149917, 48793.100899999525)
(2231430.5913699917, 48702.90754999952)
(2236291.862789992, 48612.71419999952)
(2241144.1148749916, 48522.52084999952)
(2245987.3476249916, 48432.32749999952)
(2250821.5610399917, 48342.13414999952)
(2255646.7551199915, 48251.94079999952)
(2260462.9298649915, 48161.747449999515)
(2265270.0852749916, 48071.554099999514)
(2270068.2213499914, 47981.36074999951)
(2274857.3380899914, 47891.16739999951)
(2279637.4354949915, 47800.97404999951)
(2284408.5135649913, 47710.78069999951)
(2289170.5722999913, 47620.58734999951)
(2293923.6116999914, 47530.393999999505)
(2298667.631764991, 47440.200649999504)
(2303402.632494991, 47350.0072999995)
(2308128.6138899913, 47259.8139499995)
(2312845.575949991, 47169.6205999995)
(2317553.518674991, 47079.4272499995)
(2322252.442064991, 46989.2338999995)
(2326942.346119991, 46899.040549999496)
(2331623.230839991, 46808.847199999494)
(2336295.096224991, 46718.65384999949)
(2340957.942274991, 46628.46049999949)
(2345611.768989991, 46538.26714999949)
(2350256.576369991, 46448.07379999949)
(2354892.364414991, 46357.88044999949)
(2359519.133124991, 46267.687099999486)
(2364136.882499991, 46177.493749999485)
(2368745.612539991, 46087.30039999948)
(2373345.323244991, 45997.10704999948)
(2377936.014614991, 45906.91369999948)
(2382517.6866499907, 45816.72034999948)
(2387090.3393499907, 45726.52699999948)
(2391653.972714991, 45636.33364999948)
(2396208.5867449907, 45546.140299999475)
(2400754.1814399906, 45455.946949999474)
(2405290.756799991, 45365.75359999947)
(2409818.3128249906, 45275.56024999947)
(2414336.8495149906, 45185.36689999947)
(2418846.3668699907, 45095.17354999947)
(2423346.8648899905, 45004.98019999947)
(2427838.3435749905, 44914.786849999466)
(2432320.8029249907, 44824.593499999464)
(2436794.2429399905, 44734.40014999946)
(2441258.6636199905, 44644.20679999946)
(2445714.0649649906, 44554.01344999946)
(2450160.4469749904, 44463.82009999946)
(2454597.8096499904, 44373.62674999946)
(2459026.1529899905, 44283.433399999456)
(2463445.4769949904, 44193.240049999455)
(2467855.7816649904, 44103.04669999945)
(2472257.0669999905, 44012.85334999945)
(2476649.3329999903, 43922.65999999945)
(2481032.5796649903, 43832.46664999945)
(2485406.8069949904, 43742.27329999945)
(2489772.0149899903, 43652.07994999945)
(2494128.2036499903, 43561.886599999445)
(2498475.3729749904, 43471.693249999444)
(2502813.52296499, 43381.49989999944)
(2507142.65361999, 43291.30654999944)
(2511462.7649399904, 43201.11319999944)
(2515773.85692499, 43110.91984999944)
(2520075.92957499, 43020.72649999944)
(2524368.9828899903, 42930.533149999435)
(2528653.01686999, 42840.339799999434)
(2532928.03151499, 42750.14644999943)
(2537194.0268249903, 42659.95309999943)
(2541451.00279999, 42569.75974999943)
(2545698.95943999, 42479.56639999943)
(2549937.8967449903, 42389.37304999943)
(2554167.81471499, 42299.179699999426)
(2558388.71334999, 42208.986349999424)
(2562600.59264999, 42118.79299999942)
(2566803.45261499, 42028.59964999942)
(2570997.29324499, 41938.40629999942)
(2575182.11453999, 41848.21294999942)
(2579357.91649999, 41758.01959999942)
(2583524.69912499, 41667.826249999416)
(2587682.46241499, 41577.632899999415)
(2591831.20636999, 41487.43954999941)
(2595970.93098999, 41397.24619999941)
(2600101.63627499, 41307.05284999941)
(2604223.32222499, 41216.85949999941)
(2608335.98883999, 41126.66614999941)
(2612439.63611999, 41036.47279999941)
(2616534.26406499, 40946.279449999405)
(2620619.87267499, 40856.086099999404)
(2624696.46194999, 40765.8927499994)
(2628764.03188999, 40675.6993999994)
(2632822.58249499, 40585.5060499994)
(2636872.11376499, 40495.3126999994)
(2640912.62569999, 40405.1193499994)
(2644944.11829999, 40314.925999999396)
(2648966.59156499, 40224.732649999394)
(2652980.04549499, 40134.53929999939)
(2656984.48008999, 40044.34594999939)
(2660979.89534999, 39954.15259999939)
(2664966.29127499, 39863.95924999939)
(2668943.66786499, 39773.76589999939)
(2672912.02511999, 39683.572549999386)
(2676871.36303999, 39593.379199999385)
(2680821.68162499, 39503.18584999938)
(2684762.98087499, 39412.99249999938)
(2688695.26078999, 39322.79914999938)
(2692618.52136999, 39232.60579999938)
(2696532.76261499, 39142.41244999938)
(2700437.98452499, 39052.219099999376)
(2704334.18709999, 38962.025749999375)
(2708221.37033999, 38871.83239999937)
(2712099.53424499, 38781.63904999937)
(2715968.67881499, 38691.44569999937)
(2719828.80404999, 38601.25234999937)
(2723679.90994999, 38511.05899999937)
(2727521.99651499, 38420.86564999937)
(2731355.06374499, 38330.672299999365)
(2735179.11163999, 38240.478949999364)
(2738994.14019999, 38150.28559999936)
(2742800.14942499, 38060.09224999936)
(2746597.13931499, 37969.89889999936)
(2750385.10986999, 37879.70554999936)
(2754164.06108999, 37789.51219999936)
(2757933.99297499, 37699.318849999356)
(2761694.90552499, 37609.125499999354)
(2765446.79873999, 37518.93214999935)
(2769189.67261999, 37428.73879999935)
(2772923.52716499, 37338.54544999935)
(2776648.3623749902, 37248.35209999935)
(2780364.17824999, 37158.15874999935)
(2784070.97478999, 37067.965399999346)
(2787768.7519949903, 36977.772049999345)
(2791457.50986499, 36887.57869999934)
(2795137.24839999, 36797.38534999934)
(2798807.96759999, 36707.19199999934)
(2802469.6674649897, 36616.99864999934)
(2806122.3479949897, 36526.80529999934)
(2809766.0091899894, 36436.61194999934)
(2813400.6510499893, 36346.418599999335)
(2817026.2735749893, 36256.225249999334)
(2820642.876764989, 36166.03189999933)
(2824250.460619989, 36075.83854999933)
(2827849.025139989, 35985.64519999933)
(2831438.5703249886, 35895.45184999933)
(2835019.0961749884, 35805.25849999933)
(2838590.6026899884, 35715.065149999326)
(2842153.089869988, 35624.871799999324)
(2845706.557714988, 35534.67844999932)
(2849251.006224988, 35444.48509999932)
(2852786.4353999877, 35354.29174999932)
(2856312.8452399876, 35264.09839999932)
(2859830.2357449876, 35173.90504999932)
(2863338.6069149873, 35083.711699999316)
(2866837.958749987, 34993.518349999315)
(2870328.291249987, 34903.32499999931)
(2873809.604414987, 34813.13164999931)
(2877281.898244987, 34722.93829999931)
(2880745.172739987, 34632.74494999931)
(2884199.4278999865, 34542.55159999931)
(2887644.6637249864, 34452.358249999306)
(2891080.8802149864, 34362.164899999305)
(2894508.077369986, 34271.9715499993)
(2897926.255189986, 34181.7781999993)
(2901335.413674986, 34091.5848499993)
(2904735.5528249857, 34001.3914999993)
(2908126.6726399856, 33911.1981499993)
(2911508.7731199856, 33821.0047999993)
(2914881.8542649853, 33730.811449999295)
(2918245.916074985, 33640.618099999294)
(2921600.958549985, 33550.42474999929)
(2924946.981689985, 33460.23139999929)
(2928283.985494985, 33370.03804999929)
(2931611.969964985, 33279.84469999929)
(2934930.9350999845, 33189.65134999929)
(2938240.8808999844, 33099.457999999286)
(2941541.8073649844, 33009.264649999284)
(2944833.714494984, 32919.07129999928)
(2948116.602289984, 32828.87794999928)
(2951390.470749984, 32738.68459999928)
(2954655.3198749837, 32648.49124999928)
(2957911.1496649836, 32558.297899999277)
(2961157.9601199836, 32468.104549999276)
(2964395.7512399834, 32377.911199999275)
(2967624.5230249832, 32287.717849999273)
(2970844.2754749833, 32197.524499999272)
(2974055.008589983, 32107.33114999927)
(2977256.722369983, 32017.13779999927)
(2980449.416814983, 31926.944449999268)
(2983633.0919249826, 31836.751099999266)
(2986807.7476999825, 31746.557749999265)
(2989973.3841399825, 31656.364399999264)
(2993130.0012449822, 31566.171049999262)
(2996277.599014982, 31475.97769999926)
(2999416.177449982, 31385.78434999926)
(3002545.736549982, 31295.59099999926)
(3005666.2763149817, 31205.397649999257)
(3008777.796744982, 31115.204299999255)
(3011880.2978399815, 31025.010949999254)
(3014973.7795999814, 30934.817599999253)
(3018058.2420249814, 30844.62424999925)
(3021133.685114981, 30754.43089999925)
(3024200.108869981, 30664.23754999925)
(3027257.513289981, 30574.044199999247)
(3030305.898374981, 30483.850849999246)
(3033345.2641249807, 30393.657499999244)
(3036375.6105399807, 30303.464149999243)
(3039396.9376199804, 30213.27079999924)
(3042409.2453649803, 30123.07744999924)
(3045412.5337749803, 30032.88409999924)
(3048406.80284998, 29942.690749999238)
(3051392.05258998, 29852.497399999236)
(3054368.28299498, 29762.304049999235)
(3057335.4940649797, 29672.110699999233)
(3060293.6857999796, 29581.917349999232)
(3063242.8581999796, 29491.72399999923)
(3066183.0112649794, 29401.53064999923)
(3069114.1449949793, 29311.337299999228)
(3072036.2593899793, 29221.143949999227)
(3074949.354449979, 29130.950599999225)
(3077853.430174979, 29040.757249999224)
(3080748.486564979, 28950.563899999222)
(3083634.5236199787, 28860.37054999922)
(3086511.5413399786, 28770.17719999922)
(3089379.5397249786, 28679.98384999922)
(3092238.5187749784, 28589.790499999217)
(3095088.4784899782, 28499.597149999216)
(3097929.4188699783, 28409.403799999214)
(3100761.339914978, 28319.210449999213)
(3103584.241624978, 28229.01709999921)
(3106398.123999978, 28138.82374999921)
(3109202.9870399777, 28048.63039999921)
(3111998.8307449776, 27958.437049999207)
(3114785.6551149776, 27868.243699999206)
(3117563.4601499774, 27778.050349999205)
(3120332.2458499772, 27687.856999999203)
(3123092.0122149773, 27597.663649999202)
(3125842.759244977, 27507.4702999992)
(3128584.486939977, 27417.2769499992)
(3131317.195299977, 27327.083599999198)
(3134040.8843249767, 27236.890249999196)
(3136755.5540149766, 27146.696899999195)
(3139461.2043699767, 27056.503549999194)
(3142157.8353899764, 26966.310199999192)
(3144845.4470749763, 26876.11684999919)
(3147524.0394249763, 26785.92349999919)
(3150193.612439976, 26695.730149999188)
(3152854.166119976, 26605.536799999187)
(3155505.700464976, 26515.343449999185)
(3158148.2154749758, 26425.150099999184)
(3160781.7111499757, 26334.956749999183)
(3163406.1874899757, 26244.76339999918)
(3166021.6444949755, 26154.57004999918)
(3168628.0821649753, 26064.37669999918)
(3171225.5004999754, 25974.183349999177)
(3173813.899499975, 25883.989999999176)
(3176393.279164975, 25793.796649999174)
(3178963.639494975, 25703.603299999173)
(3181524.980489975, 25613.40994999917)
(3184077.3021499747, 25523.21659999917)
(3186620.604474975, 25433.02324999917)
(3189154.8874649745, 25342.829899999168)
(3191680.1511199744, 25252.636549999166)
(3194196.3954399745, 25162.443199999165)
(3196703.6204249742, 25072.249849999163)
(3199201.826074974, 24982.056499999162)
(3201691.012389974, 24891.86314999916)
(3204171.179369974, 24801.66979999916)
(3206642.327014974, 24711.476449999158)
(3209104.455324974, 24621.283099999157)
(3211557.5642999737, 24531.089749999155)
(3214001.6539399736, 24440.896399999154)
(3216436.7242449736, 24350.703049999152)
(3218862.7752149734, 24260.50969999915)
(3221279.8068499733, 24170.31634999915)
(3223687.8191499733, 24080.12299999915)
(3226086.812114973, 23989.929649999147)
(3228476.785744973, 23899.736299999146)
(3230857.740039973, 23809.542949999144)
(3233229.674999973, 23719.349599999143)
(3235592.5906249727, 23629.15624999914)
(3237946.486914973, 23538.96289999914)
(3240291.3638699725, 23448.76954999914)
(3242627.2214899724, 23358.576199999137)
(3244954.0597749725, 23268.382849999136)
(3247271.8787249723, 23178.189499999135)
(3249580.678339972, 23087.996149999133)
(3251880.458619972, 22997.802799999132)
(3254171.219564972, 22907.60944999913)
(3256452.961174972, 22817.41609999913)
(3258725.683449972, 22727.222749999128)
(3260989.3863899717, 22637.029399999126)
(3263244.0699949716, 22546.836049999125)
(3265489.7342649717, 22456.642699999124)
(3267726.3791999714, 22366.449349999122)
(3269954.0047999714, 22276.25599999912)
(3272172.6110649714, 22186.06264999912)
(3274382.197994971, 22095.869299999118)
(3276582.765589971, 22005.675949999117)
(3278774.313849971, 21915.482599999115)
(3280956.842774971, 21825.289249999114)
(3283130.352364971, 21735.095899999113)
(3285294.842619971, 21644.90254999911)
(3287450.3135399707, 21554.70919999911)
(3289596.7651249706, 21464.51584999911)
(3291734.1973749707, 21374.322499999107)
(3293862.6102899704, 21284.129149999106)
(3295982.0038699703, 21193.935799999104)
(3298092.3781149704, 21103.742449999103)
(3300193.73302497, 21013.5490999991)
(3302286.06859997, 20923.3557499991)
(3304369.38483997, 20833.1623999991)
(3306443.68174497, 20742.969049999097)
(3308508.95931497, 20652.775699999096)
(3310565.21754997, 20562.582349999095)
(3312612.4564499697, 20472.388999999093)
(3314650.6760149696, 20382.195649999092)
(3316679.8762449697, 20292.00229999909)
(3318700.0571399694, 20201.80894999909)
(3320711.2186999694, 20111.615599999088)
(3322713.3609249694, 20021.422249999086)
(3324706.483814969, 19931.228899999085)
(3326690.587369969, 19841.035549999084)
(3328665.671589969, 19750.842199999082)
(3330631.736474969, 19660.64884999908)
(3332588.782024969, 19570.45549999908)
(3334536.808239969, 19480.26214999908)
(3336475.8151199687, 19390.068799999077)
(3338405.8026649687, 19299.875449999075)
(3340326.7708749687, 19209.682099999074)
(3342238.7197499685, 19119.488749999073)
(3344141.6492899684, 19029.29539999907)
(3346035.5594949685, 18939.10204999907)
(3347920.4503649683, 18848.90869999907)
(3349796.321899968, 18758.715349999067)
(3351663.1740999683, 18668.521999999066)
(3353521.006964968, 18578.328649999065)
(3355369.820494968, 18488.135299999063)
(3357209.614689968, 18397.94194999906)
(3359040.389549968, 18307.74859999906)
(3360862.1450749678, 18217.55524999906)
(3362674.881264968, 18127.361899999058)
(3364478.5981199676, 18037.168549999056)
(3366273.2956399675, 17946.975199999055)
(3368058.9738249676, 17856.781849999054)
(3369835.6326749674, 17766.588499999052)
(3371603.2721899673, 17676.39514999905)
(3373361.8923699674, 17586.20179999905)
(3375111.493214967, 17496.008449999048)
(3376852.074724967, 17405.815099999047)
(3378583.636899967, 17315.621749999045)
(3380306.179739967, 17225.428399999044)
(3382019.703244967, 17135.235049999043)
(3383724.207414967, 17045.04169999904)
(3385419.692249967, 16954.84834999904)
(3387106.1577499667, 16864.65499999904)
(3388783.603914967, 16774.461649999037)
(3390452.0307449666, 16684.268299999036)
(3392111.4382399665, 16594.074949999034)
(3393761.8263999666, 16503.881599999033)
(3395403.1952249664, 16413.68824999903)
(3397035.5447149663, 16323.494899999032)
(3398658.8748699664, 16233.301549999032)
(3400273.185689966, 16143.108199999033)
(3401878.477174966, 16052.914849999033)
(3403474.749324966, 15962.721499999034)
(3405062.002139966, 15872.528149999034)
(3406640.235619966, 15782.334799999035)
(3408209.449764966, 15692.141449999035)
(3409769.644574966, 15601.948099999036)
(3411320.8200499658, 15511.754749999036)
(3412862.976189966, 15421.561399999036)
(3414396.1129949656, 15331.368049999037)
(3415920.2304649656, 15241.174699999037)
(3417435.3285999657, 15150.981349999038)
(3418941.4073999655, 15060.787999999038)
(3420438.4668649654, 14970.594649999039)
(3421926.5069949655, 14880.40129999904)
(3423405.5277899653, 14790.20794999904)
(3424875.529249965, 14700.01459999904)
(3426336.5113749653, 14609.82124999904)
(3427788.474164965, 14519.62789999904)
(3429231.417619965, 14429.434549999041)
(3430665.341739965, 14339.241199999042)
(3432090.246524965, 14249.047849999042)
(3433506.131974965, 14158.854499999043)
(3434912.998089965, 14068.661149999043)
(3436310.8448699648, 13978.467799999044)
(3437699.6723149647, 13888.274449999044)
(3439079.480424965, 13798.081099999044)
(3440450.2691999646, 13707.887749999045)
(3441812.0386399645, 13617.694399999045)
(3443164.7887449646, 13527.501049999046)
(3444508.5195149644, 13437.307699999046)
(3445843.2309499644, 13347.114349999047)
(3447168.9230499645, 13256.920999999047)
(3448485.5958149643, 13166.727649999048)
(3449793.249244964, 13076.534299999048)
(3451091.8833399643, 12986.340949999048)
(3452381.498099964, 12896.147599999049)
(3453662.093524964, 12805.95424999905)
(3454933.669614964, 12715.76089999905)
(3456196.226369964, 12625.56754999905)
(3457449.763789964, 12535.37419999905)
(3458694.281874964, 12445.180849999051)
(3459929.780624964, 12354.987499999052)
(3461156.2600399638, 12264.794149999052)
(3462373.720119964, 12174.600799999052)
(3463582.1608649637, 12084.407449999053)
(3464781.5822749636, 11994.214099999053)
(3465971.9843499637, 11904.020749999054)
(3467153.3670899635, 11813.827399999054)
(3468325.7304949635, 11723.634049999055)
(3469489.0745649636, 11633.440699999055)
(3470643.3992999634, 11543.247349999056)
(3471788.7046999633, 11453.053999999056)
(3472924.9907649634, 11362.860649999056)
(3474052.2574949632, 11272.667299999057)
(3475170.504889963, 11182.473949999057)
(3476279.7329499633, 11092.280599999058)
(3477379.941674963, 11002.087249999058)
(3478471.131064963, 10911.893899999059)
(3479553.301119963, 10821.70054999906)
(3480626.451839963, 10731.50719999906)
(3481690.583224963, 10641.31384999906)
(3482745.695274963, 10551.12049999906)
(3483791.787989963, 10460.927149999061)
(3484828.861369963, 10370.733799999061)
(3485856.915414963, 10280.540449999062)
(3486875.9501249627, 10190.347099999062)
(3487885.9654999627, 10100.153749999063)
(3488886.961539963, 10009.960399999063)
(3489878.9382449626, 9919.767049999064)
(3490861.8956149626, 9829.573699999064)
(3491835.8336499627, 9739.380349999064)
(3492800.7523499625, 9649.186999999065)
(3493756.6517149624, 9558.993649999065)
(3494703.5317449626, 9468.800299999066)
(3495641.3924399624, 9378.606949999066)
(3496570.2337999623, 9288.413599999067)
(3497490.0558249624, 9198.220249999067)
(3498400.8585149623, 9108.026899999068)
(3499302.641869962, 9017.833549999068)
(3500195.4058899623, 8927.640199999068)
(3501079.150574962, 8837.446849999069)
(3501953.875924962, 8747.25349999907)
(3502819.581939962, 8657.06014999907)
(3503676.268619962, 8566.86679999907)
(3504523.935964962, 8476.67344999907)
(3505362.583974962, 8386.480099999071)
(3506192.212649962, 8296.286749999072)
(3507012.821989962, 8206.093399999072)
(3507824.411994962, 8115.9000499990725)
(3508626.982664962, 8025.706699999073)
(3509420.533999962, 7935.513349999073)
(3510205.065999962, 7845.319999999074)
(3510980.5786649617, 7755.126649999074)
(3511747.0719949617, 7664.933299999075)
(3512504.545989962, 7574.739949999075)
(3513253.0006499616, 7484.546599999076)
(3513992.4359749616, 7394.353249999076)
(3514722.8519649617, 7304.1598999990765)
(3515444.2486199616, 7213.966549999077)
(3516156.6259399615, 7123.773199999077)
(3516859.9839249616, 7033.579849999078)
(3517554.3225749615, 6943.386499999078)
(3518239.6418899614, 6853.193149999079)
(3518915.9418699616, 6762.999799999079)
(3519583.2225149614, 6672.80644999908)
(3520241.4838249614, 6582.61309999908)
(3520890.7257999615, 6492.4197499990805)
(3521530.9484399613, 6402.226399999081)
(3522162.1517449613, 6312.033049999081)
(3522784.3357149614, 6221.839699999082)
(3523397.500349961, 6131.646349999082)
(3524001.645649961, 6041.452999999083)
(3524596.7716149613, 5951.259649999083)
(3525182.878244961, 5861.066299999084)
(3525759.965539961, 5770.872949999084)
(3526328.0334999613, 5680.6795999990845)
(3526887.082124961, 5590.486249999085)
(3527437.111414961, 5500.292899999085)
(3527978.121369961, 5410.099549999086)
(3528510.111989961, 5319.906199999086)
(3529033.083274961, 5229.712849999087)
(3529547.035224961, 5139.519499999087)
(3530051.967839961, 5049.326149999088)
(3530547.881119961, 4959.132799999088)
(3531034.775064961, 4868.9394499990885)
(3531512.649674961, 4778.746099999089)
(3531981.504949961, 4688.552749999089)
(3532441.340889961, 4598.35939999909)
(3532892.157494961, 4508.16604999909)
(3533333.954764961, 4417.972699999091)
(3533766.732699961, 4327.779349999091)
(3534190.4912999608, 4237.585999999092)
(3534605.2305649607, 4147.392649999092)
(3535010.950494961, 4057.199299999092)
(3535407.6510899607, 3967.005949999092)
(3535795.3323499607, 3876.812599999092)
(3536173.994274961, 3786.619249999092)
(3536543.6368649607, 3696.425899999092)
(3536904.2601199606, 3606.232549999092)
(3537255.864039961, 3516.039199999092)
(3537598.4486249606, 3425.845849999092)
(3537932.0138749606, 3335.652499999092)
(3538256.5597899607, 3245.459149999092)
(3538572.0863699606, 3155.265799999092)
(3538878.5936149606, 3065.072449999092)
(3539176.0815249607, 2974.879099999092)
(3539464.5500999605, 2884.685749999092)
(3539743.9993399605, 2794.492399999092)
(3540014.42924496, 2704.299049999092)
(3540275.83981496, 2614.105699999092)
(3540528.23104996, 2523.912349999092)
(3540771.6029499597, 2433.718999999092)
(3541005.9555149595, 2343.525649999092)
(3541231.2887449595, 2253.332299999092)
(3541447.602639959, 2163.138949999092)
(3541654.897199959, 2072.945599999092)
(3541853.172424959, 1982.7522499990919)
(3542042.4283149587, 1892.5588999990919)
(3542222.6648699585, 1802.3655499990919)
(3542393.8820899585, 1712.1721999990918)
(3542556.079974958, 1621.9788499990918)
(3542709.258524958, 1531.7854999990918)
(3542853.417739958, 1441.5921499990918)
(3542988.5576199577, 1351.3987999990918)
(3543114.6781649576, 1261.2054499990918)
(3543231.7793749576, 1171.0120999990918)
(3543339.8612499572, 1080.8187499990918)
(3543438.923789957, 990.6253999990918)
(3543528.966994957, 900.4320499990918)
(3543609.9908649568, 810.2386999990918)
(3543681.9953999566, 720.0453499990917)
(3543744.9805999566, 629.8519999990917)
(3543798.9464649563, 539.6586499990917)
(3543843.892994956, 449.4652999990917)
(3543879.820189956, 359.2719499990917)
(3543906.728049956, 269.0785999990917)
(3543924.6165749556, 178.88524999909168)
(3543933.4857649556, 88.69189999909169)
(3543933.3356199553, -1.5014500009083065)
(3543924.166139955, -91.6948000009083)
(3543905.977324955, -181.8881500009083)
(3543878.769174955, -272.0815000009083)
(3543842.5416899547, -362.2748500009083)
(3543797.2948699547, -452.4682000009083)
(3543743.0287149544, -542.6615500009083)
(3543679.743224954, -632.8549000009083)
(3543607.4383999542, -723.0482500009083)
(3543526.114239954, -813.2416000009083)
(3543435.770744954, -903.4349500009083)
(3543336.407914954, -993.6283000009083)
(3543228.0257499535, -1083.8216500009082)
(3543110.6242499533, -1174.0150000009082)
(3542984.2034149533, -1264.2083500009082)
(3542848.763244953, -1354.4017000009082)
(3542704.303739953, -1444.5950500009083)
(3542550.824899953, -1534.7884000009083)
(3542388.3267249526, -1624.9817500009083)
(3542216.8092149524, -1715.1751000009083)
(3542036.2723699524, -1805.3684500009083)
(3541846.716189952, -1895.5618000009083)
(3541648.140674952, -1985.7551500009083)
(3541440.545824952, -2075.948500000908)
(3541223.9316399517, -2166.141850000908)
(3540998.2981199515, -2256.335200000908)
(3540763.6452649515, -2346.528550000908)
(3540519.973074951, -2436.721900000908)
(3540267.281549951, -2526.915250000908)
(3540005.570689951, -2617.108600000908)
(3539734.840494951, -2707.301950000908)
(3539455.0909649506, -2797.495300000908)
(3539166.3220999506, -2887.688650000908)
(3538868.5338999503, -2977.882000000908)
(3538561.72636495, -3068.075350000908)
(3538245.89949495, -3158.268700000908)
(3537921.05328995, -3248.462050000908)
(3537587.1877499497, -3338.6554000009082)
(3537244.3028749498, -3428.8487500009082)
(3536892.3986649495, -3519.0421000009082)
(3536531.4751199493, -3609.2354500009083)
(3536161.5322399493, -3699.4288000009083)
(3535782.570024949, -3789.6221500009083)
(3535394.588474949, -3879.8155000009083)
(3534997.587589949, -3970.0088500009083)
(3534591.5673699486, -4060.2022000009083)
(3534176.5278149485, -4150.395550000908)
(3533752.4689249485, -4240.588900000907)
(3533319.390699948, -4330.782250000907)
(3532877.293139948, -4420.9756000009065)
(3532426.176244948, -4511.168950000906)
(3531966.0400149478, -4601.362300000906)
(3531496.8844499476, -4691.555650000905)
(3531018.7095499476, -4781.749000000905)
(3530531.5153149473, -4871.942350000904)
(3530035.301744947, -4962.135700000904)
(3529530.068839947, -5052.329050000903)
(3529015.816599947, -5142.522400000903)
(3528492.545024947, -5232.7157500009025)
(3527960.254114947, -5322.909100000902)
(3527418.9438699465, -5413.102450000902)
(3526868.6142899464, -5503.295800000901)
(3526309.2653749464, -5593.489150000901)
(3525740.897124946, -5683.6825000009)
(3525163.509539946, -5773.8758500009)
(3524577.102619946, -5864.069200000899)
(3523981.6763649457, -5954.262550000899)
(3523377.2307749456, -6044.4559000008985)
(3522763.7658499456, -6134.649250000898)
(3522141.2815899453, -6224.842600000898)
(3521509.777994945, -6315.035950000897)
(3520869.255064945, -6405.229300000897)
(3520219.712799945, -6495.422650000896)
(3519561.151199945, -6585.616000000896)
(3518893.570264945, -6675.809350000895)
(3518216.9699949445, -6766.002700000895)
(3517531.3503899444, -6856.1960500008945)
(3516836.7114499444, -6946.389400000894)
(3516133.053174944, -7036.582750000894)
(3515420.375564944, -7126.776100000893)
(3514698.678619944, -7216.969450000893)
(3513967.9623399437, -7307.162800000892)
(3513228.2267249436, -7397.356150000892)
(3512479.4717749436, -7487.549500000891)
(3511721.6974899434, -7577.742850000891)
(3510954.903869943, -7667.9362000008905)
(3510179.0909149433, -7758.12955000089)
(3509394.258624943, -7848.32290000089)
(3508600.406999943, -7938.516250000889)
(3507797.536039943, -8028.709600000889)
(3506985.6457449426, -8118.902950000888)
(3506164.7361149425, -8209.096300000889)
(3505334.8071499425, -8299.289650000888)
(3504495.858849942, -8389.483000000888)
(3503647.891214942, -8479.676350000887)
(3502790.904244942, -8569.869700000887)
(3501924.897939942, -8660.063050000887)
(3501049.8722999417, -8750.256400000886)
(3500165.8273249418, -8840.449750000886)
(3499272.7630149415, -8930.643100000885)
(3498370.6793699414, -9020.836450000885)
(3497459.5763899414, -9111.029800000884)
(3496539.454074941, -9201.223150000884)
(3495610.312424941, -9291.416500000883)
(3494672.151439941, -9381.609850000883)
(3493724.9711199407, -9471.803200000882)
(3492768.7714649406, -9561.996550000882)
(3491803.5524749407, -9652.189900000882)
(3490829.3141499404, -9742.383250000881)
(3489846.0564899403, -9832.57660000088)
(3488853.7794949403, -9922.76995000088)
(3487852.48316494, -10012.96330000088)
(3486842.16749994, -10103.15665000088)
(3485822.83249994, -10193.350000000879)
(3484794.4781649397, -10283.543350000878)
(3483757.1044949396, -10373.736700000878)
(3482710.7114899396, -10463.930050000878)
(3481655.2991499393, -10554.123400000877)
(3480590.867474939, -10644.316750000877)
(3479517.4164649392, -10734.510100000876)
(3478434.946119939, -10824.703450000876)
(3477343.456439939, -10914.896800000875)
(3476242.947424939, -11005.090150000875)
(3475133.4190749386, -11095.283500000874)
(3474014.8713899385, -11185.476850000874)
(3472887.3043699386, -11275.670200000874)
(3471750.7180149383, -11365.863550000873)
(3470605.112324938, -11456.056900000873)
(3469450.487299938, -11546.250250000872)
(3468286.842939938, -11636.443600000872)
(3467114.179244938, -11726.636950000871)
(3465932.496214938, -11816.830300000871)
(3464741.7938499376, -11907.02365000087)
(3463542.0721499375, -11997.21700000087)
(3462333.3311149376, -12087.41035000087)
(3461115.5707449373, -12177.60370000087)
(3459888.791039937, -12267.797050000869)
(3458652.991999937, -12357.990400000868)
(3457408.173624937, -12448.183750000868)
(3456154.335914937, -12538.377100000867)
(3454891.478869937, -12628.570450000867)
(3453619.6024899366, -12718.763800000866)
(3452338.7067749365, -12808.957150000866)
(3451048.7917249366, -12899.150500000866)
(3449749.8573399363, -12989.343850000865)
(3448441.903619936, -13079.537200000865)
(3447124.9305649363, -13169.730550000864)
(3445798.938174936, -13259.923900000864)
(3444463.926449936, -13350.117250000863)
(3443119.895389936, -13440.310600000863)
(3441766.8449949357, -13530.503950000862)
(3440404.7752649356, -13620.697300000862)
(3439033.6861999356, -13710.890650000862)
(3437653.5777999354, -13801.084000000861)
(3436264.4500649353, -13891.27735000086)
(3434866.3029949353, -13981.47070000086)
(3433459.136589935, -14071.66405000086)
(3432042.950849935, -14161.85740000086)
(3430617.745774935, -14252.050750000859)
(3429183.5213649347, -14342.244100000858)
(3427740.2776199346, -14432.437450000858)
(3426288.0145399347, -14522.630800000858)
(3424826.7321249344, -14612.824150000857)
(3423356.4303749343, -14703.017500000857)
(3421877.1092899344, -14793.210850000856)
(3420388.768869934, -14883.404200000856)
(3418891.409114934, -14973.597550000855)
(3417385.030024934, -15063.790900000855)
(3415869.631599934, -15153.984250000854)
(3414345.2138399337, -15244.177600000854)
(3412811.776744934, -15334.370950000854)
(3411269.3203149335, -15424.564300000853)
(3409717.8445499334, -15514.757650000853)
(3408157.3494499335, -15604.951000000852)
(3406587.8350149333, -15695.144350000852)
(3405009.301244933, -15785.337700000851)
(3403421.748139933, -15875.53105000085)
(3401825.175699933, -15965.72440000085)
(3400219.583924933, -16055.91775000085)
(3398604.972814933, -16146.11110000085)
(3396981.3423699327, -16236.30445000085)
(3395348.6925899326, -16326.497800000849)
(3393707.0234749326, -16416.69115000085)
(3392056.3350249324, -16506.88450000085)
(3390396.6272399323, -16597.077850000853)
(3388727.9001199324, -16687.271200000854)
(3387050.153664932, -16777.464550000856)
(3385363.387874932, -16867.657900000857)
(3383667.602749932, -16957.85125000086)
(3381962.798289932, -17048.04460000086)
(3380248.9744949318, -17138.23795000086)
(3378526.131364932, -17228.431300000862)
(3376794.2688999316, -17318.624650000864)
(3375053.3870999315, -17408.818000000865)
(3373303.4859649315, -17499.011350000867)
(3371544.5654949313, -17589.204700000868)
(3369776.625689931, -17679.39805000087)
(3367999.6665499313, -17769.59140000087)
(3366213.688074931, -17859.784750000872)
(3364418.690264931, -17949.978100000873)
(3362614.673119931, -18040.171450000875)
(3360801.636639931, -18130.364800000876)
(3358979.5808249307, -18220.558150000878)
(3357148.5056749308, -18310.75150000088)
(3355308.4111899305, -18400.94485000088)
(3353459.2973699304, -18491.13820000088)
(3351601.1642149305, -18581.331550000883)
(3349734.0117249303, -18671.524900000884)
(3347857.83989993, -18761.718250000886)
(3345972.6487399302, -18851.911600000887)
(3344078.43824493, -18942.10495000089)
(3342175.20841493, -19032.29830000089)
(3340262.95924993, -19122.49165000089)
(3338341.6907499298, -19212.685000000893)
(3336411.4029149297, -19302.878350000894)
(3334472.0957449297, -19393.071700000895)
(3332523.7692399295, -19483.265050000897)
(3330566.4233999294, -19573.458400000898)
(3328600.0582249295, -19663.6517500009)
(3326624.6737149293, -19753.8451000009)
(3324640.269869929, -19844.038450000902)
(3322646.8466899293, -19934.231800000904)
(3320644.404174929, -20024.425150000905)
(3318632.942324929, -20114.618500000906)
(3316612.461139929, -20204.811850000908)
(3314582.960619929, -20295.00520000091)
(3312544.4407649287, -20385.19855000091)
(3310496.901574929, -20475.391900000912)
(3308440.3430499285, -20565.585250000913)
(3306374.7651899285, -20655.778600000915)
(3304300.1679949285, -20745.971950000916)
(3302216.5514649283, -20836.165300000917)
(3300123.9155999282, -20926.35865000092)
(3298022.2603999283, -21016.55200000092)
(3295911.585864928, -21106.74535000092)
(3293791.891994928, -21196.938700000923)
(3291663.178789928, -21287.132050000924)
(3289525.446249928, -21377.325400000926)
(3287378.694374928, -21467.518750000927)
(3285222.923164928, -21557.71210000093)
(3283058.1326199276, -21647.90545000093)
(3280884.3227399276, -21738.09880000093)
(3278701.4935249276, -21828.292150000932)
(3276509.6449749274, -21918.485500000934)
(3274308.7770899273, -22008.678850000935)
(3272098.8898699274, -22098.872200000937)
(3269879.983314927, -22189.065550000938)
(3267652.057424927, -22279.25890000094)
(3265415.112199927, -22369.45225000094)
(3263169.147639927, -22459.645600000942)
(3260914.163744927, -22549.838950000943)
(3258650.160514927, -22640.032300000945)
(3256377.137949927, -22730.225650000946)
(3254095.0960499267, -22820.419000000948)
(3251804.034814927, -22910.61235000095)
(3249503.9542449266, -23000.80570000095)
(3247194.8543399265, -23090.99905000095)
(3244876.7350999266, -23181.192400000953)
(3242549.5965249264, -23271.385750000954)
(3240213.4386149263, -23361.579100000956)
(3237868.2613699264, -23451.772450000957)
(3235514.064789926, -23541.96580000096)
(3233150.848874926, -23632.15915000096)
(3230778.613624926, -23722.35250000096)
(3228397.359039926, -23812.545850000963)
(3226007.085119926, -23902.739200000964)
(3223607.791864926, -23992.932550000965)
(3221199.479274926, -24083.125900000967)
(3218782.1473499257, -24173.319250000968)
(3216355.796089926, -24263.51260000097)
(3213920.4254949256, -24353.70595000097)
(3211476.0355649255, -24443.899300000972)
(3209022.6262999256, -24534.092650000974)
(3206560.1976999254, -24624.286000000975)
(3204088.7497649253, -24714.479350000976)
(3201608.2824949254, -24804.672700000978)
(3199118.795889925, -24894.86605000098)
(3196620.289949925, -24985.05940000098)
(3194112.7646749252, -25075.252750000982)
(3191596.220064925, -25165.446100000983)
(3189070.656119925, -25255.639450000985)
(3186536.072839925, -25345.832800000986)
(3183992.470224925, -25436.026150000987)
(3181439.848274925, -25526.21950000099)
(3178878.206989925, -25616.41285000099)
(3176307.5463699247, -25706.60620000099)
(3173727.8664149246, -25796.799550000993)
(3171139.1671249247, -25886.992900000994)
(3168541.4484999245, -25977.186250000996)
(3165934.7105399244, -26067.379600000997)
(3163318.9532449245, -26157.572950001)
(3160694.1766149243, -26247.766300001)
(3158060.3806499243, -26337.959650001)
(3155417.5653499244, -26428.153000001003)
(3152765.730714924, -26518.346350001004)
(3150104.876744924, -26608.539700001005)
(3147435.003439924, -26698.733050001007)
(3144756.110799924, -26788.926400001008)
(3142068.198824924, -26879.11975000101)
(3139371.267514924, -26969.31310000101)
(3136665.316869924, -27059.506450001012)
(3133950.346889924, -27149.699800001014)
(3131226.357574924, -27239.893150001015)
(3128493.3489249237, -27330.086500001016)
(3125751.3209399236, -27420.279850001018)
(3123000.2736199237, -27510.47320000102)
(3120240.2069649235, -27600.66655000102)
(3117471.1209749235, -27690.85990000102)
(3114693.0156499236, -27781.053250001023)
(3111905.8909899234, -27871.246600001024)
(3109109.7469949233, -27961.439950001026)
(3106304.5836649234, -28051.633300001027)
(3103490.4009999232, -28141.82665000103)
(3100667.198999923, -28232.02000000103)
(3097834.9776649233, -28322.21335000103)
(3094993.736994923, -28412.406700001033)
(3092143.476989923, -28502.600050001034)
(3089284.197649923, -28592.793400001035)
(3086415.898974923, -28682.986750001037)
(3083538.580964923, -28773.18010000104)
(3080652.243619923, -28863.37345000104)
(3077756.886939923, -28953.56680000104)
(3074852.510924923, -29043.760150001042)
(3071939.115574923, -29133.953500001044)
(3069016.7008899227, -29224.146850001045)
(3066085.2668699226, -29314.340200001046)
(3063144.8135149227, -29404.533550001048)
(3060195.3408249225, -29494.72690000105)
(3057236.8487999225, -29584.92025000105)
(3054269.3374399226, -29675.113600001052)
(3051292.8067449224, -29765.306950001053)
(3048307.2567149224, -29855.500300001055)
(3045312.6873499225, -29945.693650001056)
(3042309.0986499223, -30035.887000001057)
(3039296.4906149223, -30126.08035000106)
(3036274.8632449224, -30216.27370000106)
(3033244.216539922, -30306.46705000106)
(3030204.550499922, -30396.660400001063)
(3027155.8651249222, -30486.853750001064)
(3024098.160414922, -30577.047100001066)
(3021031.436369922, -30667.240450001067)
(3017955.692989922, -30757.43380000107)
(3014870.930274922, -30847.62715000107)
(3011777.148224922, -30937.82050000107)
(3008674.346839922, -31028.013850001073)
(3005562.526119922, -31118.207200001074)
(3002441.686064922, -31208.400550001075)
(2999311.826674922, -31298.593900001077)
(2996172.9479499217, -31388.787250001078)
(2993025.0498899217, -31478.98060000108)
(2989868.132494922, -31569.17395000108)
(2986702.1957649216, -31659.367300001082)
(2983527.2396999216, -31749.560650001084)
(2980343.2642999217, -31839.754000001085)
(2977150.2695649215, -31929.947350001086)
(2973948.2554949215, -32020.140700001088)
(2970737.2220899216, -32110.33405000109)
(2967517.1693499214, -32200.52740000109)
(2964288.0972749214, -32290.72075000109)
(2961050.0058649215, -32380.914100001093)
(2957802.8951199213, -32471.107450001095)
(2954546.7650399213, -32561.300800001096)
(2951281.615624921, -32651.494150001097)
(2948007.4468749207, -32741.6875000011)
(2944724.2587899207, -32831.8808500011)
(2941432.0513699204, -32922.0742000011)
(2938130.82461492, -33012.2675500011)
(2934820.57852492, -33102.460900001104)
(2931501.31309992, -33192.654250001106)
(2928173.0283399196, -33282.84760000111)
(2924835.7242449196, -33373.04095000111)
(2921489.4008149193, -33463.23430000111)
(2918134.058049919, -33553.42765000111)
(2914769.695949919, -33643.62100000111)
(2911396.3145149187, -33733.814350001114)
(2908013.9137449185, -33824.007700001115)
(2904622.4936399185, -33914.20105000112)
(2901222.054199918, -34004.39440000112)
(2897812.595424918, -34094.58775000112)
(2894394.117314918, -34184.78110000112)
(2890966.6198699176, -34274.97445000112)
(2887530.1030899175, -34365.16780000112)
(2884084.5669749174, -34455.361150001125)
(2880630.011524917, -34545.554500001126)
(2877166.436739917, -34635.74785000113)
(2873693.842619917, -34725.94120000113)
(2870212.2291649166, -34816.13455000113)
(2866721.5963749164, -34906.32790000113)
(2863221.9442499164, -34996.52125000113)
(2859713.272789916, -35086.714600001134)
(2856195.581994916, -35176.907950001136)
(2852668.871864916, -35267.10130000114)
(2849133.1423999155, -35357.29465000114)
(2845588.3935999153, -35447.48800000114)
(2842034.6254649153, -35537.68135000114)
(2838471.837994915, -35627.87470000114)
(2834900.031189915, -35718.068050001144)
(2831319.205049915, -35808.261400001145)
(2827729.3595749144, -35898.45475000115)
(2824130.4947649143, -35988.64810000115)
(2820522.6106199143, -36078.84145000115)
(2816905.707139914, -36169.03480000115)
(2813279.7843249138, -36259.22815000115)
(2809644.8421749137, -36349.42150000115)
(2806000.8806899134, -36439.614850001155)
(2802347.8998699132, -36529.80820000116)
(2798685.899714913, -36620.00155000116)
(2795014.880224913, -36710.19490000116)
(2791334.8413999127, -36800.38825000116)
(2787645.7832399127, -36890.58160000116)
(2783947.7057449124, -36980.77495000116)
(2780240.608914912, -37070.968300001165)
(2776524.492749912, -37161.161650001166)
(2772799.357249912, -37251.35500000117)
(2769065.2024149117, -37341.54835000117)
(2765322.0282449117, -37431.74170000117)
(2761569.8347399114, -37521.93505000117)
(2757808.621899911, -37612.12840000117)
(2754038.389724911, -37702.321750001174)
(2750259.138214911, -37792.515100001176)
(2746470.8673699107, -37882.70845000118)
(2742673.5771899107, -37972.90180000118)
(2738867.2676749104, -38063.09515000118)
(2735051.93882491, -38153.28850000118)
(2731227.59063991, -38243.48185000118)
(2727394.22311991, -38333.675200001184)
(2723551.8362649097, -38423.868550001185)
(2719700.4300749097, -38514.06190000119)
(2715840.0045499094, -38604.25525000119)
(2711970.559689909, -38694.44860000119)
(2708092.095494909, -38784.64195000119)
(2704204.611964909, -38874.83530000119)
(2700308.1090999087, -38965.02865000119)
(2696402.5868999087, -39055.222000001195)
(2692488.0453649084, -39145.415350001196)
(2688564.4844949082, -39235.6087000012)
(2684631.9042899082, -39325.8020500012)
(2680690.304749908, -39415.9954000012)
(2676739.6858749078, -39506.1887500012)
(2672780.0476649078, -39596.3821000012)
(2668811.3901199074, -39686.575450001204)
(2664833.7132399073, -39776.768800001206)
(2660847.0170249073, -39866.96215000121)
(2656851.301474907, -39957.15550000121)
(2652846.566589907, -40047.34885000121)
(2648832.812369907, -40137.54220000121)
(2644810.0388149065, -40227.73555000121)
(2640778.2459249063, -40317.928900001214)
(2636737.4336999063, -40408.122250001215)
(2632687.602139906, -40498.31560000122)
(2628628.751244906, -40588.50895000122)
(2624560.881014906, -40678.70230000122)
(2620483.9914499056, -40768.89565000122)
(2616398.0825499054, -40859.08900000122)
(2612303.1543149054, -40949.282350001224)
(2608199.206744905, -41039.475700001225)
(2604086.239839905, -41129.66905000123)
(2599964.253599905, -41219.86240000123)
(2595833.2480249046, -41310.05575000123)
(2591693.2231149045, -41400.24910000123)
(2587544.1788699045, -41490.44245000123)
(2583386.115289904, -41580.63580000123)
(2579219.032374904, -41670.829150001235)
(2575042.930124904, -41761.022500001236)
(2570857.8085399037, -41851.21585000124)
(2566663.6676199036, -41941.40920000124)
(2562460.5073649036, -42031.60255000124)
(2558248.3277749033, -42121.79590000124)
(2554027.128849903, -42211.98925000124)
(2549796.910589903, -42302.182600001244)
(2545557.672994903, -42392.375950001246)
(2541309.4160649027, -42482.56930000125)
(2537052.1397999027, -42572.76265000125)
(2532785.8441999024, -42662.95600000125)
(2528510.529264902, -42753.14935000125)
(2524226.1949949022, -42843.34270000125)
(2519932.841389902, -42933.536050001254)
(2515630.468449902, -43023.729400001255)
(2511319.076174902, -43113.92275000126)
(2506998.6645649015, -43204.11610000126)
(2502669.2336199014, -43294.30945000126)
(2498330.7833399014, -43384.50280000126)
(2493983.313724901, -43474.69615000126)
(2489626.824774901, -43564.88950000126)
(2485261.316489901, -43655.082850001265)
(2480886.7888699006, -43745.276200001266)
(2476503.2419149005, -43835.46955000127)
(2472110.6756249005, -43925.66290000127)
(2467709.0899999, -44015.85625000127)
(2463298.4850399, -44106.04960000127)
(2458878.8607449, -44196.24295000127)
(2454450.2171149, -44286.436300001275)
(2450012.5541498996, -44376.629650001276)
(2445565.8718498996, -44466.82300000128)
(2441110.1702148993, -44557.01635000128)
(2436645.449244899, -44647.20970000128)
(2432171.708939899, -44737.40305000128)
(2427688.949299899, -44827.59640000128)
(2423197.170324899, -44917.789750001284)
(2418696.372014899, -45007.983100001285)
(2414186.5543698985, -45098.17645000129)
(2409667.7173898984, -45188.36980000129)
(2405139.8610748984, -45278.56315000129)
(2400602.985424898, -45368.75650000129)
(2396057.090439898, -45458.94985000129)
(2391502.176119898, -45549.143200001294)
(2386938.2424648977, -45639.336550001295)
(2382365.2894748976, -45729.5299000013)
(2377783.3171498976, -45819.7232500013)
(2373192.3254898973, -45909.9166000013)
(2368592.314494897, -46000.1099500013)
(2363983.284164897, -46090.3033000013)
(2359365.234499897, -46180.4966500013)
(2354738.1654998967, -46270.690000001305)
(2350102.0771648968, -46360.883350001306)
(2345456.9694948965, -46451.07670000131)
(2340802.8424898963, -46541.27005000131)
(2336139.6961498964, -46631.46340000131)
(2331467.530474896, -46721.65675000131)
(2326786.345464896, -46811.85010000131)
(2322096.141119896, -46902.043450001314)
(2317396.9174398957, -46992.236800001316)
(2312688.6744248956, -47082.43015000132)
(2307971.4120748956, -47172.62350000132)
(2303245.1303898953, -47262.81685000132)
(2298509.829369895, -47353.01020000132)
(2293765.509014895, -47443.20355000132)
(2289012.169324895, -47533.396900001324)
(2284249.810299895, -47623.590250001325)
(2279478.431939895, -47713.78360000133)
(2274698.0342448945, -47803.97695000133)
(2269908.6172148944, -47894.17030000133)
(2265110.1808498944, -47984.36365000133)
(2260302.725149894, -48074.55700000133)
(2255486.250114894, -48164.75035000133)
(2250660.755744894, -48254.943700001335)
(2245826.2420398938, -48345.137050001336)
(2240982.7089998936, -48435.33040000134)
(2236130.1566248937, -48525.52375000134)
(2231268.5849148934, -48615.71710000134)
(2226397.9938698933, -48705.91045000134)
(2221518.3834898933, -48796.10380000134)
(2216629.753774893, -48886.297150001345)
(2211732.104724893, -48976.490500001346)
(2206825.436339893, -49066.68385000135)
(2201909.7486198926, -49156.87720000135)
(2196985.0415648925, -49247.07055000135)
(2192051.3151748925, -49337.26390000135)
(2187108.5694498923, -49427.45725000135)
(2182156.804389892, -49517.650600001354)
(2177196.019994892, -49607.843950001356)
(2172226.216264892, -49698.03730000136)
(2167247.393199892, -49788.23065000136)
(2162259.550799892, -49878.42400000136)
(2157262.6890648915, -49968.61735000136)
(2152256.8079948914, -50058.81070000136)
(2147241.9075898915, -50149.004050001364)
(2142217.987849891, -50239.197400001365)
(2137185.048774891, -50329.39075000137)
(2132143.090364891, -50419.58410000137)
(2127092.112619891, -50509.77745000137)
(2122032.1155398907, -50599.97080000137)
(2116963.0991248908, -50690.16415000137)
(2111885.0633748905, -50780.35750000137)
(2106798.0082898904, -50870.550850001375)
(2101701.9338698904, -50960.744200001376)
(2096596.8401148904, -51050.93755000138)
(2091482.7270248902, -51141.13090000138)
(2086359.59459989, -51231.32425000138)
(2081227.44283989, -51321.51760000138)
(2076086.27174489, -51411.71095000138)
(2070936.0813148897, -51501.904300001384)
(2065776.8715498897, -51592.097650001386)
(2060608.6424498896, -51682.29100000139)
(2055431.3940148894, -51772.48435000139)
(2050245.1262448893, -51862.67770000139)
(2045049.8391398892, -51952.87105000139)
(2039845.532699889, -52043.06440000139)
(2034632.206924889, -52133.257750001394)
(2029409.861814889, -52223.451100001395)
(2024178.4973698887, -52313.6444500014)
(2018938.1135898887, -52403.8378000014)
(2013688.7104748886, -52494.0311500014)
(2008430.2880248884, -52584.2245000014)
(2003162.8462398883, -52674.4178500014)
(1997886.3851198882, -52764.6112000014)
(1992600.904664888, -52854.804550001405)
(1987306.404874888, -52944.99790000141)
(1982002.885749888, -53035.19125000141)
(1976690.3472898877, -53125.38460000141)
(1971368.7894948877, -53215.57795000141)
(1966038.2123648876, -53305.77130000141)
(1960698.6158998874, -53395.96465000141)
(1955350.0000998874, -53486.158000001415)
(1949992.3649648873, -53576.351350001416)
(1944625.710494887, -53666.54470000142)
(1939250.036689887, -53756.73805000142)
(1933865.343549887, -53846.93140000142)
(1928471.6310748868, -53937.12475000142)
(1923068.8992648865, -54027.31810000142)
(1917657.1481198864, -54117.511450001424)
(1912236.3776398862, -54207.704800001426)
(1906806.587824886, -54297.89815000143)
(1901367.7786748859, -54388.09150000143)
(1895919.9501898857, -54478.28485000143)
(1890463.1023698854, -54568.47820000143)
(1884997.2352148853, -54658.67155000143)
(1879522.3487248851, -54748.864900001434)
(1874038.442899885, -54839.058250001435)
(1868545.5177398848, -54929.25160000144)
(1863043.5732448846, -55019.44495000144)
(1857532.6094148844, -55109.63830000144)
(1852012.6262498843, -55199.83165000144)
(1846483.623749884, -55290.02500000144)
(1840945.6019148838, -55380.21835000144)
(1835398.5607448837, -55470.411700001445)
(1829842.5002398835, -55560.605050001446)
(1824277.4203998833, -55650.79840000145)
(1818703.3212248832, -55740.99175000145)
(1813120.202714883, -55831.18510000145)
(1807528.0648698828, -55921.37845000145)
(1801926.9076898827, -56011.57180000145)
(1796316.7311748825, -56101.765150001454)
(1790697.5353248823, -56191.958500001456)
(1785069.3201398822, -56282.15185000146)
(1779432.085619882, -56372.34520000146)
(1773785.8317648817, -56462.53855000146)
(1768130.5585748816, -56552.73190000146)
(1762466.2660498815, -56642.92525000146)
(1756792.9541898812, -56733.118600001464)
(1751110.6229948811, -56823.311950001465)
(1745419.272464881, -56913.50530000147)
(1739718.9025998807, -57003.69865000147)
(1734009.5133998806, -57093.89200000147)
(1728291.1048648804, -57184.08535000147)
(1722563.6769948802, -57274.27870000147)
(1716827.22978988, -57364.472050001474)
(1711081.76324988, -57454.665400001475)
(1705327.2773748797, -57544.85875000148)
(1699563.7721648796, -57635.05210000148)
(1693791.2476198794, -57725.24545000148)
(1688009.7037398792, -57815.43880000148)
(1682219.140524879, -57905.63215000148)
(1676419.557974879, -57995.82550000148)
(1670610.9560898787, -58086.018850001485)
(1664793.3348698786, -58176.212200001486)
(1658966.6943148784, -58266.40555000149)
(1653131.0344248782, -58356.59890000149)
(1647286.355199878, -58446.79225000149)
(1641432.656639878, -58536.98560000149)
(1635569.9387448777, -58627.17895000149)
(1629698.2015148776, -58717.372300001494)
(1623817.4449498774, -58807.565650001496)
(1617927.6690498772, -58897.7590000015)
(1612028.8738148771, -58987.9523500015)
(1606121.059244877, -59078.1457000015)
(1600204.2253398767, -59168.3390500015)
(1594278.3720998766, -59258.5324000015)
(1588343.4995248765, -59348.725750001504)
(1582399.6076148762, -59438.919100001505)
(1576446.6963698762, -59529.11245000151)
(1570484.765789876, -59619.30580000151)
(1564513.8158748758, -59709.49915000151)
(1558533.8466248757, -59799.69250000151)
(1552544.8580398755, -59889.88585000151)
(1546546.8501198753, -59980.07920000151)
(1540539.8228648752, -60070.272550001515)
(1534523.776274875, -60160.465900001516)
(1528498.7103498748, -60250.65925000152)
(1522464.6250898747, -60340.85260000152)
(1516421.5204948746, -60431.04595000152)
(1510369.3965648743, -60521.23930000152)
(1504308.2532998743, -60611.43265000152)
(1498238.090699874, -60701.626000001525)
(1492158.9087648739, -60791.819350001526)
(1486070.7074948738, -60882.01270000153)
(1479973.4868898736, -60972.20605000153)
(1473867.2469498734, -61062.39940000153)
(1467751.9876748733, -61152.59275000153)
(1461627.7090648732, -61242.78610000153)
(1455494.411119873, -61332.979450001534)
(1449352.0938398729, -61423.172800001536)
(1443200.7572248727, -61513.36615000154)
(1437040.4012748725, -61603.55950000154)
(1430871.0259898724, -61693.75285000154)
(1424692.6313698723, -61783.94620000154)
(1418505.217414872, -61874.13955000154)
(1412308.784124872, -61964.332900001544)
(1406103.3314998718, -62054.526250001545)
(1399888.8595398716, -62144.71960000155)
(1393665.3682448715, -62234.91295000155)
(1387432.8576148713, -62325.10630000155)
(1381191.3276498711, -62415.29965000155)
(1374940.778349871, -62505.49300000155)
(1368681.209714871, -62595.68635000155)
(1362412.6217448707, -62685.879700001555)
(1356135.0144398706, -62776.073050001556)
(1349848.3877998705, -62866.26640000156)
(1343552.7418248702, -62956.45975000156)
(1337248.0765148702, -63046.65310000156)
(1330934.39186987, -63136.84645000156)
(1324611.6878898698, -63227.03980000156)
(1318279.9645748697, -63317.233150001564)
(1311939.2219248696, -63407.426500001566)
(1305589.4599398694, -63497.61985000157)
(1299230.6786198693, -63587.81320000157)
(1292862.8779648691, -63678.00655000157)
(1286486.057974869, -63768.19990000157)
(1280100.2186498689, -63858.39325000157)
(1273705.3599898687, -63948.586600001574)
(1267301.4819948685, -64038.779950001575)
(1260888.5846648684, -64128.97330000158)
(1254466.6679998683, -64219.16665000158)
(1248035.731999868, -64309.36000000158)
(1241595.776664868, -64399.55335000158)
(1235146.8019948679, -64489.74670000158)
(1228688.8079898676, -64579.94005000158)
(1222221.7946498676, -64670.133400001585)
(1215745.7619748674, -64760.326750001586)
(1209260.7099648672, -64850.52010000159)
(1202766.6386198672, -64940.71345000159)
(1196263.547939867, -65030.90680000159)
(1189751.4379248668, -65121.10015000159)
(1183230.3085748667, -65211.29350000159)
(1176700.1598898666, -65301.486850001595)
(1170160.9918698664, -65391.680200001596)
(1163612.8045148663, -65481.8735500016)
(1157055.5978248662, -65572.06690000159)
(1150489.371799866, -65662.2602500016)
(1143914.126439866, -65752.4536000016)
(1137329.8617448658, -65842.6469500016)
(1130736.5777148656, -65932.8403000016)
(1124134.2743498655, -66023.0336500016)
(1117522.9516498654, -66113.2270000016)
(1110902.6096148652, -66203.4203500016)
(1104273.248244865, -66293.6137000016)
(1097634.867539865, -66383.8070500016)
(1090987.4674998648, -66474.0004000016)
(1084331.0481248647, -66564.1937500016)
(1077665.6094148646, -66654.38710000161)
(1070991.1513698644, -66744.58045000161)
(1064307.6739898643, -66834.77380000161)
(1057615.1772748642, -66924.96715000161)
(1050913.661224864, -67015.16050000161)
(1044203.1258398638, -67105.35385000161)
(1037483.5711198637, -67195.54720000162)
(1030754.9970648634, -67285.74055000162)
(1024017.4036748633, -67375.93390000162)
(1017270.7909498631, -67466.12725000162)
(1010515.1588898629, -67556.32060000162)
(1003750.5074948628, -67646.51395000162)
(996976.8367648626, -67736.70730000162)
(990194.1466998624, -67826.90065000163)
(983402.4372998623, -67917.09400000163)
(976601.7085648621, -68007.28735000163)
(969791.9604948619, -68097.48070000163)
(962973.1930898618, -68187.67405000163)
(956145.4063498616, -68277.86740000163)
(949308.6002748614, -68368.06075000163)
(942462.7748648613, -68458.25410000164)
(935607.9301198612, -68548.44745000164)
(928744.066039861, -68638.64080000164)
(921871.1826248608, -68728.83415000164)
(914989.2798748607, -68819.02750000164)
(908098.3577898605, -68909.22085000164)
(901198.4163698603, -68999.41420000164)
(894289.4556148602, -69089.60755000164)
(887371.47552486, -69179.80090000165)
(880444.4760998598, -69269.99425000165)
(873508.4573398597, -69360.18760000165)
(866563.4192448595, -69450.38095000165)
(859609.3618148593, -69540.57430000165)
(852646.2850498592, -69630.76765000165)
(845674.188949859, -69720.96100000165)
(838693.0735148588, -69811.15435000166)
(831702.9387448587, -69901.34770000166)
(824703.7846398585, -69991.54105000166)
(817695.6111998584, -70081.73440000166)
(810678.4184248582, -70171.92775000166)
(803652.206314858, -70262.12110000166)
(796616.9748698579, -70352.31445000166)
(789572.7240898578, -70442.50780000167)
(782519.4539748576, -70532.70115000167)
(775457.1645248574, -70622.89450000167)
(768385.8557398573, -70713.08785000167)
(761305.5276198571, -70803.28120000167)
(754216.180164857, -70893.47455000167)
(747117.8133748568, -70983.66790000167)
(740010.4272498566, -71073.86125000168)
(732894.0217898565, -71164.05460000168)
(725768.5969948564, -71254.24795000168)
(718634.1528648562, -71344.44130000168)
(711490.689399856, -71434.63465000168)
(704338.2065998559, -71524.82800000168)
(697176.7044648557, -71615.02135000168)
(690006.1829948556, -71705.21470000168)
(682826.6421898555, -71795.40805000169)
(675638.0820498553, -71885.60140000169)
(668440.5025748551, -71975.79475000169)
(661233.903764855, -72065.98810000169)
(654018.2856198548, -72156.18145000169)
(646793.6481398547, -72246.3748000017)
(639559.9913248545, -72336.5681500017)
(632317.3151748544, -72426.7615000017)
(625065.6196898542, -72516.9548500017)
(617804.904869854, -72607.1482000017)
(610535.1707148538, -72697.3415500017)
(603256.4172248536, -72787.5349000017)
(595968.6443998534, -72877.7282500017)
(588671.8522398532, -72967.9216000017)
(581366.0407448531, -73058.1149500017)
(574051.2099148529, -73148.3083000017)
(566727.3597498527, -73238.50165000171)
(559394.4902498525, -73328.69500000171)
(552052.6014148523, -73418.88835000171)
(544701.6932448521, -73509.08170000171)
(537341.765739852, -73599.27505000171)
(529972.8188998518, -73689.46840000172)
(522594.8527248516, -73779.66175000172)
(515207.86721485143, -73869.85510000172)
(507811.86236985127, -73960.04845000172)
(500406.8381898511, -74050.24180000172)
(492992.7946748509, -74140.43515000172)
(485569.7318248507, -74230.62850000172)
(478137.64963985054, -74320.82185000172)
(470696.54811985034, -74411.01520000173)
(463246.4272648502, -74501.20855000173)
(455787.28707485, -74591.40190000173)
(448319.1275498498, -74681.59525000173)
(440841.94868984964, -74771.78860000173)
(433355.75049484946, -74861.98195000173)
(425860.53296484926, -74952.17530000173)
(418356.2960998491, -75042.36865000174)
(410843.0398998489, -75132.56200000174)
(403320.7643648487, -75222.75535000174)
(395789.46949484857, -75312.94870000174)
(388249.1552898484, -75403.14205000174)
(380699.8217498482, -75493.33540000174)
(373141.46887484804, -75583.52875000174)
(365574.09666484786, -75673.72210000175)
(357997.70511984767, -75763.91545000175)
(350412.2942398475, -75854.10880000175)
(342817.86402484734, -75944.30215000175)
(335214.41447484714, -76034.49550000175)
(327601.945589847, -76124.68885000175)
(319980.4573698468, -76214.88220000175)
(312349.9498148466, -76305.07555000175)
(304710.42292484647, -76395.26890000176)
(297061.8766998463, -76485.46225000176)
(289404.3111398461, -76575.65560000176)
(281737.72624484595, -76665.84895000176)
(274062.1220148458, -76756.04230000176)
(266377.4984498456, -76846.23565000176)
(258683.8555498454, -76936.42900000176)
(250981.19331484524, -77026.62235000177)
(243269.51174484505, -77116.81570000177)
(235548.81083984487, -77207.00905000177)
(227819.0905998447, -77297.20240000177)
(220080.3510248445, -77387.39575000177)
(212332.59211484433, -77477.58910000177)
(204575.81386984416, -77567.78245000177)
(196810.01628984397, -77657.97580000178)
(189035.1993748438, -77748.16915000178)
(181251.36312484363, -77838.36250000178)
(173458.50753984344, -77928.55585000178)
(165656.63261984327, -78018.74920000178)
(157845.7383648431, -78108.94255000178)
(150025.8247748429, -78199.13590000178)
(142196.89184984274, -78289.32925000179)
(134358.93958984257, -78379.52260000179)
(126511.96799484239, -78469.71595000179)
(118655.97706484221, -78559.90930000179)
(110790.96679984203, -78650.10265000179)
(102916.93719984185, -78740.29600000179)
(95033.88826484168, -78830.4893500018)
(87141.8199948415, -78920.6827000018)
(79240.73238984132, -79010.8760500018)
(71330.62544984114, -79101.0694000018)
(63411.49917484097, -79191.2627500018)
(55483.353564840785, -79281.4561000018)
(47546.18861984061, -79371.6494500018)
(39600.00433984042, -79461.8428000018)
(31644.800724840243, -79552.0361500018)
(23680.57777484006, -79642.2295000018)
(15707.33548983988, -79732.4228500018)
(7725.073869839698, -79822.61620000181)
(-1,)
